0.129771 0.206107 0.0916031 0.572519 
0.122137 0.19084 0.10687 0.580153 
0.145038 0.152672 0.396947 0.305344 
0.0305344 0.923664 0.0152672 0.0305344 
0 0.938931 0.00763359 0.0534351 
0.320611 0.0763359 0.0305344 0.572519 
0.129771 0.0534351 0.0305344 0.78626 
0.603053 0.0229008 0.0458015 0.328244 
0 0.00763359 0.00763359 0.984733 
0.526718 0.0458015 0 0.427481 
0.19084 0.0229008 0.00763359 0.778626 
0.0534351 0.0229008 0.923664 0 
0.0381679 0.00763359 0.954198 0 
0.10687 0.21374 0.343511 0.335878 
0.160305 0.587786 0.152672 0.0992366 
0.48855 0.0763359 0.0916031 0.343511 
0.167939 0.152672 0.21374 0.465649 
0.312977 0.114504 0.320611 0.251908 
