0.375755 0.184612 0.286202 0.153431 
0.55064 0.0994404 0.224089 0.125831 
0.500214 0.142342 0.23071 0.126734 
0.59005 0.0165697 0.226046 0.167334 
0.187423 0.160778 0.580483 0.0713163 
0.664594 0.0145345 0.269381 0.0514913 
0.104008 0.0144413 0.828666 0.0528844 
0.200407 0.0327282 0.758648 0.00821659 
0.880224 0.0430839 0.0485572 0.0281352 
0.867987 0.00579081 0.0555053 0.0707165 
0.248398 0.226042 0.502191 0.0233686 
0.150138 0.154973 0.0315148 0.663374 
0.117806 0.0724568 0.760291 0.0494464 
0.658831 0.0643759 0.250663 0.0261301 
0.458826 0.143432 0.310178 0.0875636 
0.622777 0.0788107 0.157276 0.141137 
0.359007 0.204691 0.31809 0.118212 
