0.52 0.018 0.398 0.064 
0.284 0.65 0.056 0.01 
0.964 0.01 0.006 0.02 
0.016 0.018 0.01 0.956 
0.044 0.018 0.07 0.868 
0.02 0.934 0.018 0.028 
0.002 0.844 0.006 0.148 
0.424 0.062 0.022 0.492 
0.156 0.14 0.514 0.19 
0.238 0.192 0.428 0.142 
0.282 0.376 0.234 0.108 
0.468 0.202 0.124 0.206 
0.16 0.17 0.264 0.406 
