0.314629 0.206413 0.332665 0.146293 
0.192385 0.1002 0.669339 0.0380762 
0.0440882 0.00801603 0.809619 0.138277 
0.0581162 0.00801603 0.933868 0 
0 0.00801603 0.991984 0 
0.00400802 0 0.995992 0 
0.0320641 0.953908 0.00400802 0.01002 
0.01002 0 0.987976 0.00200401 
0.00200401 0.00801603 0.925852 0.0641283 
0.0661323 0.00200401 0.915832 0.0160321 
0.0180361 0.0300601 0.911824 0.0400802 
0.0601202 0.867735 0.0140281 0.0581162 
0.0581162 0.59519 0.190381 0.156313 
0.144289 0.112224 0.462926 0.280561 
0.0821643 0.176353 0.705411 0.0360721 
0.114228 0.166333 0.681363 0.0380762 
0.160321 0.196393 0.57515 0.0681363 
0.0881764 0.266533 0.587174 0.0581162 
0.12024 0.232465 0.581162 0.0661323 
0.118236 0.144289 0.629259 0.108216 
0.12024 0.12024 0.705411 0.0541082 
0.168337 0.186373 0.609218 0.0360721 
