0.232 0.248 0.41 0.11 
0.32 0.128 0.318 0.234 
0.278 0.18 0.46 0.082 
0.236 0.112 0.354 0.298 
0.112 0.03 0.808 0.05 
0.236 0.506 0.046 0.212 
0.056 0.034 0.87 0.04 
0.032 0.004 0.41 0.554 
0.092 0.002 0.892 0.014 
0.016 0.004 0.958 0.022 
0.024 0.032 0.93 0.014 
0.22 0.476 0.004 0.3 
0.088 0.01 0.842 0.06 
0.11 0.022 0.696 0.172 
0.338 0.128 0.406 0.128 
0.312 0.082 0.456 0.15 
0.264 0.182 0.436 0.118 
