0.338 0.148 0.342 0.172 
0.262 0.034 0.556 0.148 
0.154 0.126 0.7 0.02 
0.01 0.016 0.964 0.01 
0.214 0.708 0.012 0.066 
0.04 0.018 0.894 0.048 
0.024 0.048 0.896 0.032 
0.072 0.044 0.872 0.012 
0.942 0.032 0.014 0.012 
0.512 0.036 0.436 0.016 
0.384 0.108 0.438 0.07 
0.278 0.218 0.378 0.126 
0.276 0.162 0.426 0.136 
