0.452 0.078 0.264 0.206 
0.048 0.4 0.346 0.206 
0.012 0.018 0.044 0.926 
0.134 0.328 0.024 0.514 
0.086 0.238 0.052 0.624 
0.142 0.546 0.046 0.266 
0.38 0.086 0.396 0.138 
0.37 0.114 0.23 0.286 
0.338 0.018 0.084 0.56 
0.578 0.158 0.022 0.242 
0.002 0.002 0 0.996 
0.004 0.056 0.85 0.09 
0.978 0.008 0.012 0.002 
0.104 0.558 0.316 0.022 
0.072 0.03 0.02 0.878 
0.212 0.508 0.212 0.068 
0.612 0.084 0.11 0.194 
0.142 0.186 0.306 0.366 
