0.13253 0.415663 0.375502 0.0763052 
0.528112 0.126506 0.206827 0.138554 
0.508032 0.10241 0.371486 0.0180723 
0.419679 0.136546 0.323293 0.120482 
0.0823293 0.259036 0.160643 0.497992 
0.289157 0.592369 0.0943775 0.0240964 
0.0943775 0.168675 0.130522 0.606426 
0.0140562 0.949799 0.0220884 0.0140562 
0.0461847 0.00803213 0.929719 0.0160643 
0.0200803 0.925703 0.0100402 0.0441767 
0.0180723 0.0060241 0.961847 0.0140562 
0.807229 0.0261044 0.154618 0.0120482 
0.0361446 0.0321285 0.865462 0.0662651 
0.787149 0.0502008 0.14257 0.0200803 
0.335341 0.204819 0.331325 0.128514 
