0.506 0.058 0.406 0.03 
0.752 0.046 0.156 0.046 
0.424 0.056 0.512 0.008 
0.53 0.096 0.36 0.014 
0.35 0.172 0.034 0.444 
0.09 0.032 0.838 0.04 
0.018 0.014 0.958 0.01 
0.324 0.652 0.008 0.016 
0.232 0.056 0.622 0.09 
0.07 0.064 0.832 0.034 
0.282 0.54 0.06 0.118 
0.18 0.064 0.644 0.112 
0.158 0.166 0.632 0.044 
0.302 0.412 0.188 0.098 
0.19 0.146 0.526 0.138 
0.272 0.138 0.528 0.062 
